Time: 2025-06-18T09:25:39.311Z | Latitude: 10.7773952 | Longitude: 106.6893312
Time: 2025-06-18T11:09:34.786Z | Latitude: 10.7773952 | Longitude: 106.6893312
